{
  "advancedEditorSelectedIdentifier" : "StatisticsPluginID",
  "openSceneRelativePaths" : [
    "Scene.usda"
  ],
  "recentIdentifiers" : {
    "1190F95C-227D-44C0-82CA-21BEBB343632" : [

    ]
  },
  "sceneCameraHistory" : {
    "1190F95C-227D-44C0-82CA-21BEBB343632" : [
      {
        "date" : 731530788.572937,
        "title" : "Untitled",
        "transform" : [
          -0.5032787,
          -1.8493795e-09,
          0.86412406,
          0,
          0.09074744,
          0.9944704,
          0.052852657,
          0,
          -0.85934585,
          0.10501667,
          -0.5004958,
          0,
          -6.7303276,
          7.189351,
          5.594598,
          1
        ]
      },
      {
        "date" : 731530780.213408,
        "title" : "Untitled",
        "transform" : [
          -0.5032787,
          -1.8493795e-09,
          0.86412406,
          0,
          0.09074744,
          0.9944704,
          0.052852657,
          0,
          -0.85934585,
          0.10501667,
          -0.5004958,
          0,
          -13.313571,
          7.7300925,
          6.7237625,
          1
        ]
      },
      {
        "date" : 731530758.364549,
        "title" : "Untitled",
        "transform" : [
          -0.46256107,
          -3.791388e-09,
          0.8865875,
          0,
          0.09312275,
          0.99446857,
          0.048585124,
          0,
          -0.8816833,
          0.105035044,
          -0.4600024,
          0,
          -7.9749327,
          7.047463,
          10.456928,
          1
        ]
      },
      {
        "date" : 731530746.458181,
        "title" : "Untitled",
        "transform" : [
          -0.46256107,
          -3.791388e-09,
          0.8865875,
          0,
          0.09312275,
          0.99446857,
          0.048585124,
          0,
          -0.8816833,
          0.105035044,
          -0.4600024,
          0,
          -7.936716,
          7.0429106,
          10.476866,
          1
        ]
      },
      {
        "date" : 731530686.566928,
        "title" : "Untitled",
        "transform" : [
          -0.99393904,
          2.522209e-07,
          -0.10993264,
          0,
          -0.036672384,
          0.94271773,
          0.33156988,
          0,
          0.10363553,
          0.33359173,
          -0.9370039,
          0,
          -2.1934233,
          10.060426,
          -19.74317,
          1
        ]
      },
      {
        "date" : 731530673.419107,
        "title" : "Untitled",
        "transform" : [
          -0.99393904,
          2.522209e-07,
          -0.10993264,
          0,
          -0.036672384,
          0.94271773,
          0.33156988,
          0,
          0.10363553,
          0.33359173,
          -0.9370039,
          0,
          -4.737159,
          10.71626,
          -21.889118,
          1
        ]
      },
      {
        "date" : 731530667.659955,
        "title" : "Untitled",
        "transform" : [
          -0.9913799,
          1.4422669e-06,
          -0.13101843,
          0,
          -0.040621866,
          0.95071787,
          0.3073848,
          0,
          0.12456201,
          0.3100573,
          -0.9425225,
          0,
          -4.737159,
          10.71626,
          -21.889118,
          1
        ]
      },
      {
        "date" : 731530663.460758,
        "title" : "Untitled",
        "transform" : [
          -0.98994666,
          -2.4369589e-09,
          -0.14144105,
          0,
          -0.043860707,
          0.95070434,
          0.30698133,
          0,
          0.13446863,
          0.31009886,
          -0.9411467,
          0,
          -4.737159,
          10.71626,
          -21.889118,
          1
        ]
      },
      {
        "date" : 731530661.31096,
        "title" : "Untitled",
        "transform" : [
          -0.9999854,
          1.0854731e-10,
          -0.0053991172,
          0,
          -0.0015945898,
          0.95539135,
          0.29533836,
          0,
          0.0051582707,
          0.29534268,
          -0.95537746,
          0,
          -4.737159,
          10.71626,
          -21.889118,
          1
        ]
      },
      {
        "date" : 731530644.832618,
        "title" : "Untitled",
        "transform" : [
          -0.99954414,
          -0.00029443388,
          0.030190436,
          0,
          0.01824843,
          0.7907399,
          0.6118803,
          0,
          -0.024052938,
          0.6121523,
          -0.79037404,
          0,
          -16.586504,
          10.837965,
          -21.401035,
          1
        ]
      }
    ]
  }
}