{
  "advancedEditorSelectedIdentifier" : "ProjectBrowser",
  "openSceneRelativePaths" : [
    "Immersive.usda",
    "VolumetericEmoji.usda",
    "seatEmitter.usda",
    "Untitled Scene.usda",
    "Cinema\/Sources\/Cinema\/Cinema.rkassets\/Scene.usda",
    "projectorEmitter.usda"
  ],
  "recentIdentifiers" : {
    "65F9782B-E0DA-471E-9079-E6DF645F920C" : [

    ],
    "6792DD5D-BE2C-45E0-BABA-845B0FE2E137" : [

    ],
    "AF09ED6F-1707-48FD-8720-65B998362C09" : [

    ]
  },
  "sceneCameraHistory" : {
    "2D9B5A60-7CE1-4E1C-8913-BD933F0BB887" : [
      {
        "date" : 732259524.174153,
        "title" : "Untitled",
        "transform" : [
          0.99999994,
          0,
          -0,
          0,
          -0,
          0.8660254,
          -0.49999988,
          0,
          0,
          0.49999988,
          0.8660254,
          0,
          -0.029769659,
          6.516801,
          7.07378,
          1
        ]
      },
      {
        "date" : 732259502.211327,
        "title" : "Untitled",
        "transform" : [
          0.99999994,
          0,
          0,
          0,
          0,
          0.8660254,
          -0.49999988,
          0,
          0,
          0.49999988,
          0.8660254,
          0,
          -0.7337146,
          6.5936837,
          5.392311,
          1
        ]
      },
      {
        "date" : 732259497.678459,
        "title" : "Untitled",
        "transform" : [
          0.99999994,
          0,
          0,
          0,
          0,
          0.8660254,
          -0.49999988,
          0,
          0,
          0.49999988,
          0.8660254,
          0,
          0.57770467,
          1.6914127,
          3.8948734,
          1
        ]
      },
      {
        "date" : 732259491.927605,
        "title" : "Untitled",
        "transform" : [
          0.99999994,
          0,
          0,
          0,
          0,
          0.8660254,
          -0.49999988,
          0,
          0,
          0.49999988,
          0.8660254,
          0,
          -0.714396,
          1.8410363,
          3.8084881,
          1
        ]
      },
      {
        "date" : 732259457.990124,
        "title" : "Untitled",
        "transform" : [
          0.99999994,
          0,
          0,
          0,
          0,
          0.8660254,
          -0.49999988,
          0,
          0,
          0.49999988,
          0.8660254,
          0,
          0,
          2.1093826,
          3.6535583,
          1
        ]
      },
      {
        "date" : 732259426.13457,
        "title" : "Untitled",
        "transform" : [
          0.99999994,
          0,
          -0,
          0,
          -0,
          0.8660254,
          -0.49999988,
          0,
          0,
          0.49999988,
          0.8660254,
          0,
          0,
          0.19308047,
          0.3344252,
          1
        ]
      }
    ],
    "65F9782B-E0DA-471E-9079-E6DF645F920C" : [
      {
        "date" : 758147967.528374,
        "title" : "Untitled",
        "transform" : [
          0.5241567,
          8.4601083e-07,
          -0.8516218,
          0,
          -0.17279826,
          0.97919863,
          -0.106352985,
          0,
          0.83390677,
          0.20290437,
          0.5132536,
          0,
          8.586515,
          12.810001,
          0.82761097,
          1
        ]
      },
      {
        "date" : 755166884.238334,
        "title" : "Untitled",
        "transform" : [
          0.9681498,
          8.404652e-07,
          -0.25037184,
          0,
          -0.13902283,
          0.83167505,
          -0.5375773,
          0,
          0.20822756,
          0.5552627,
          0.8051861,
          0,
          4.947835,
          15.865906,
          5.7802896,
          1
        ]
      },
      {
        "date" : 755166858.558324,
        "title" : "Untitled",
        "transform" : [
          0.96813434,
          9.28075e-05,
          -0.2504313,
          0,
          -0.13912988,
          0.831675,
          -0.53754956,
          0,
          0.20822756,
          0.5552627,
          0.8051861,
          0,
          4.947835,
          15.865906,
          5.7802896,
          1
        ]
      },
      {
        "date" : 755166854.378351,
        "title" : "Untitled",
        "transform" : [
          0.98734367,
          -1.1051031e-08,
          -0.15859565,
          0,
          -0.08490367,
          0.8446324,
          -0.5285713,
          0,
          0.13395502,
          0.5353468,
          0.83394235,
          0,
          4.947835,
          15.865906,
          5.7802896,
          1
        ]
      },
      {
        "date" : 755162576.435978,
        "title" : "Untitled",
        "transform" : [
          0.98734367,
          -1.1051031e-08,
          -0.15859565,
          0,
          -0.08490367,
          0.8446324,
          -0.5285713,
          0,
          0.13395502,
          0.5353468,
          0.83394235,
          0,
          4.947835,
          15.865906,
          5.7802896,
          1
        ]
      },
      {
        "date" : 755162574.760915,
        "title" : "Untitled",
        "transform" : [
          0.98734367,
          -1.1051031e-08,
          -0.15859565,
          0,
          -0.08490367,
          0.8446324,
          -0.5285713,
          0,
          0.13395502,
          0.5353468,
          0.83394235,
          0,
          4.947835,
          15.865906,
          5.7802896,
          1
        ]
      },
      {
        "date" : 755156592.310037,
        "title" : "Untitled",
        "transform" : [
          0.98734367,
          -1.1051031e-08,
          -0.15859565,
          0,
          -0.08490367,
          0.8446324,
          -0.5285713,
          0,
          0.13395502,
          0.5353468,
          0.83394235,
          0,
          4.947835,
          15.865906,
          5.7802896,
          1
        ]
      },
      {
        "date" : 754974017.351252,
        "title" : "Untitled",
        "transform" : [
          0.98734367,
          -1.1051031e-08,
          -0.15859565,
          0,
          -0.08490367,
          0.8446324,
          -0.5285713,
          0,
          0.13395502,
          0.5353468,
          0.83394235,
          0,
          4.947835,
          15.865906,
          5.7802896,
          1
        ]
      },
      {
        "date" : 754973979.198575,
        "title" : "Untitled",
        "transform" : [
          0.98734367,
          -1.1051031e-08,
          -0.15859565,
          0,
          -0.08490367,
          0.8446324,
          -0.5285713,
          0,
          0.13395502,
          0.5353468,
          0.83394235,
          0,
          4.947835,
          15.865906,
          5.7802896,
          1
        ]
      },
      {
        "date" : 754973976.136132,
        "title" : "Untitled",
        "transform" : [
          0.98734367,
          -1.1051031e-08,
          -0.15859565,
          0,
          -0.08490367,
          0.8446324,
          -0.5285713,
          0,
          0.13395502,
          0.5353468,
          0.83394235,
          0,
          4.947835,
          15.865906,
          5.7802896,
          1
        ]
      }
    ],
    "6792DD5D-BE2C-45E0-BABA-845B0FE2E137" : [
      {
        "date" : 732228653.980999,
        "title" : "Untitled",
        "transform" : [
          0.9960794,
          1.1525721e-08,
          0.088463426,
          0,
          0.049769428,
          0.8267301,
          -0.56039315,
          0,
          -0.073135376,
          0.5625988,
          0.8234888,
          0,
          -0.24159187,
          1.1633127,
          1.4278618,
          1
        ]
      },
      {
        "date" : 732228640.481524,
        "title" : "Untitled",
        "transform" : [
          0.9960794,
          1.1525721e-08,
          0.088463426,
          0,
          0.049769428,
          0.8267301,
          -0.56039315,
          0,
          -0.073135376,
          0.5625988,
          0.8234888,
          0,
          -0.1668163,
          0.8032535,
          0.9859215,
          1
        ]
      },
      {
        "date" : 732228638.401044,
        "title" : "Untitled",
        "transform" : [
          0.9960794,
          1.1525721e-08,
          0.088463426,
          0,
          0.049769428,
          0.8267301,
          -0.56039315,
          0,
          -0.073135376,
          0.5625988,
          0.8234888,
          0,
          -0.2481116,
          0.83123296,
          0.9595862,
          1
        ]
      },
      {
        "date" : 732222490.162204,
        "title" : "Untitled",
        "transform" : [
          0.9960794,
          1.1525721e-08,
          0.088463426,
          0,
          0.049769428,
          0.8267301,
          -0.56039315,
          0,
          -0.073135376,
          0.5625988,
          0.8234888,
          0,
          -0.27442372,
          0.8569233,
          0.93969786,
          1
        ]
      },
      {
        "date" : 732222487.70332,
        "title" : "Untitled",
        "transform" : [
          0.9960794,
          1.1525721e-08,
          0.088463426,
          0,
          0.049769428,
          0.8267301,
          -0.56039315,
          0,
          -0.073135376,
          0.5625988,
          0.8234888,
          0,
          -0.5169703,
          1.6143061,
          1.7702401,
          1
        ]
      },
      {
        "date" : 732222380.217648,
        "title" : "Untitled",
        "transform" : [
          0.9960794,
          1.1525721e-08,
          0.088463426,
          0,
          0.049769428,
          0.8267301,
          -0.56039315,
          0,
          -0.073135376,
          0.5625988,
          0.8234888,
          0,
          -0.08060922,
          0.25171265,
          0.27602684,
          1
        ]
      },
      {
        "date" : 732222286.701397,
        "title" : "Untitled",
        "transform" : [
          0.9960794,
          1.1525721e-08,
          0.088463426,
          0,
          0.04976942,
          0.82672995,
          -0.5603931,
          0,
          -0.073135376,
          0.5625988,
          0.8234888,
          0,
          -0.09428321,
          0.25654194,
          0.27151316,
          1
        ]
      },
      {
        "date" : 732222284.868117,
        "title" : "Untitled",
        "transform" : [
          0.34068725,
          1.2159925e-08,
          0.9401766,
          0,
          0.3371754,
          0.9334798,
          -0.122180626,
          0,
          -0.877636,
          0.35862985,
          0.31802472,
          0,
          -0.33413512,
          0.18598889,
          0.046736985,
          1
        ]
      },
      {
        "date" : 732222282.259237,
        "title" : "Untitled",
        "transform" : [
          0.3446867,
          1.2159925e-08,
          0.9387177,
          0,
          0.3366522,
          0.9334798,
          -0.12361494,
          0,
          -0.87627417,
          0.35862985,
          0.3217581,
          0,
          -0.65169406,
          0.3629704,
          0.09398575,
          1
        ]
      },
      {
        "date" : 732222279.490597,
        "title" : "Untitled",
        "transform" : [
          0.3446867,
          1.2159925e-08,
          0.9387177,
          0,
          0.3366522,
          0.9334798,
          -0.12361494,
          0,
          -0.87627417,
          0.35862985,
          0.3217581,
          0,
          -0.65169406,
          0.3629704,
          0.09398575,
          1
        ]
      }
    ],
    "AF09ED6F-1707-48FD-8720-65B998362C09" : [
      {
        "date" : 753775729.102141,
        "title" : "Untitled",
        "transform" : [
          -0.9419873,
          -4.4991415e-05,
          0.3356485,
          0,
          0.12582672,
          0.92702746,
          0.35325325,
          0,
          -0.3111712,
          0.3749936,
          -0.8732424,
          0,
          -22.614609,
          17.138256,
          -38.900288,
          1
        ]
      },
      {
        "date" : 753775716.868821,
        "title" : "Untitled",
        "transform" : [
          -0.8858725,
          -4.4988235e-05,
          -0.4639288,
          0,
          -0.25308385,
          0.8381428,
          0.4831825,
          0,
          0.38881686,
          0.5454509,
          -0.74249893,
          0,
          10.590765,
          25.142998,
          -37.514828,
          1
        ]
      },
      {
        "date" : 753775714.347941,
        "title" : "Untitled",
        "transform" : [
          -0.8858725,
          -4.4988235e-05,
          -0.4639288,
          0,
          -0.25308383,
          0.8381427,
          0.48318243,
          0,
          0.38881686,
          0.5454509,
          -0.74249893,
          0,
          20.583075,
          22.71444,
          -34.066315,
          1
        ]
      },
      {
        "date" : 753775686.15462,
        "title" : "Untitled",
        "transform" : [
          0.71331644,
          -4.4969616e-05,
          -0.700842,
          0,
          -0.34774497,
          0.868196,
          -0.35399023,
          0,
          0.6084841,
          0.49622136,
          0.61928296,
          0,
          2643.9995,
          2343.9204,
          2484.199,
          1
        ]
      },
      {
        "date" : 753775683.355317,
        "title" : "Untitled",
        "transform" : [
          0.023831971,
          -4.497057e-05,
          0.9997159,
          0,
          0.22089224,
          0.9752842,
          -0.0052219145,
          0,
          -0.97500706,
          0.22095397,
          0.023252893,
          0,
          -4151.119,
          1182.2148,
          245.86438,
          1
        ]
      },
      {
        "date" : 753775681.490108,
        "title" : "Untitled",
        "transform" : [
          0.023831971,
          -4.499126e-05,
          0.9997159,
          0,
          0.22089222,
          0.9752842,
          -0.005221892,
          0,
          -0.97500706,
          0.22095396,
          0.023252893,
          0,
          11233.305,
          24421.05,
          -427.73193,
          1
        ]
      },
      {
        "date" : 753775033.608209,
        "title" : "Untitled",
        "transform" : [
          0.023831971,
          -4.499126e-05,
          0.9997159,
          0,
          0.22089222,
          0.9752842,
          -0.005221892,
          0,
          -0.97500706,
          0.22095396,
          0.023252893,
          0,
          -36.82083,
          10.675694,
          3.1339514,
          1
        ]
      },
      {
        "date" : 753775009.443438,
        "title" : "Untitled",
        "transform" : [
          0.023831941,
          -4.5001605e-05,
          0.9997159,
          0,
          0.2208922,
          0.9752842,
          -0.0052218847,
          0,
          -0.97500706,
          0.22095394,
          0.023252893,
          0,
          -36.82083,
          10.675694,
          3.1339514,
          1
        ]
      },
      {
        "date" : 753774991.008195,
        "title" : "Untitled",
        "transform" : [
          0.023831941,
          -4.501195e-05,
          0.9997159,
          0,
          0.22089219,
          0.9752842,
          -0.0052218772,
          0,
          -0.97500706,
          0.22095394,
          0.023252893,
          0,
          -36.820835,
          10.675695,
          3.1339505,
          1
        ]
      },
      {
        "date" : 753774967.76645,
        "title" : "Untitled",
        "transform" : [
          0.023831941,
          -4.5022298e-05,
          0.9997159,
          0,
          0.22089219,
          0.9752842,
          -0.0052218623,
          0,
          -0.97500706,
          0.22095393,
          0.023252893,
          0,
          -36.82083,
          10.675693,
          3.1339493,
          1
        ]
      }
    ],
    "F39F9C7B-1E0A-4117-8752-46700B2647B5" : [
      {
        "date" : 753722577.925407,
        "title" : "Untitled",
        "transform" : [
          0.14624396,
          6.7286393e-10,
          0.9892485,
          0,
          -0.12680084,
          0.991751,
          0.018745365,
          0,
          -0.9810883,
          -0.12817885,
          0.14503768,
          0,
          -0.51217353,
          0.22730595,
          0.44792184,
          1
        ]
      },
      {
        "date" : 753722559.857067,
        "title" : "Untitled",
        "transform" : [
          0.14624396,
          6.7286393e-10,
          0.9892485,
          0,
          -0.12680084,
          0.991751,
          0.018745365,
          0,
          -0.9810883,
          -0.12817885,
          0.14503768,
          0,
          -0.94135076,
          0.17624736,
          0.24616988,
          1
        ]
      },
      {
        "date" : 753722557.75737,
        "title" : "Untitled",
        "transform" : [
          0.14624396,
          6.7286393e-10,
          0.9892485,
          0,
          -0.12680085,
          0.99175113,
          0.018745366,
          0,
          -0.9810883,
          -0.12817885,
          0.14503768,
          0,
          -0.9453774,
          0.17624736,
          0.21893258,
          1
        ]
      },
      {
        "date" : 753722551.242371,
        "title" : "Untitled",
        "transform" : [
          -0.09012749,
          -1.0821601e-09,
          0.9959302,
          0,
          0.8460771,
          0.52753323,
          0.076566376,
          0,
          -0.52538633,
          0.84953445,
          -0.04754517,
          0,
          -0.24638376,
          0.953338,
          0.056346357,
          1
        ]
      },
      {
        "date" : 753722547.795086,
        "title" : "Untitled",
        "transform" : [
          -0.02502595,
          -2.2292814e-09,
          0.9996868,
          0,
          0.37405524,
          0.9273592,
          0.009363988,
          0,
          -0.9270687,
          0.37417245,
          -0.023207983,
          0,
          -0.758552,
          0.6275418,
          0.059358086,
          1
        ]
      },
      {
        "date" : 750572482.314616,
        "title" : "Untitled",
        "transform" : [
          -0.9827482,
          -2.2522677e-09,
          0.18494856,
          0,
          0.06450967,
          0.9371981,
          0.34278032,
          0,
          -0.1733335,
          0.3487977,
          -0.9210297,
          0,
          -0.22005278,
          0.60671383,
          -0.74579376,
          1
        ]
      },
      {
        "date" : 733027562.501106,
        "title" : "Untitled",
        "transform" : [
          -0.933584,
          -1.978731e-09,
          -0.35835877,
          0,
          -0.115601584,
          0.9465401,
          0.30116138,
          0,
          0.33920082,
          0.32258627,
          -0.8836746,
          0,
          0.21005666,
          0.5849537,
          -0.7657927,
          1
        ]
      },
      {
        "date" : 733027434.398333,
        "title" : "Untitled",
        "transform" : [
          -0.933584,
          -1.978731e-09,
          -0.35835877,
          0,
          -0.115601584,
          0.9465401,
          0.30116138,
          0,
          0.33920082,
          0.32258627,
          -0.8836746,
          0,
          0.54902923,
          1.528905,
          -2.0015676,
          1
        ]
      },
      {
        "date" : 732261292.905955,
        "title" : "Untitled",
        "transform" : [
          -0.933584,
          -1.978731e-09,
          -0.35835877,
          0,
          -0.115601584,
          0.9465401,
          0.30116138,
          0,
          0.33920082,
          0.32258627,
          -0.8836746,
          0,
          0.54902923,
          1.528905,
          -2.0015676,
          1
        ]
      },
      {
        "date" : 732261171.04889,
        "title" : "Untitled",
        "transform" : [
          -0.933584,
          -1.978731e-09,
          -0.35835877,
          0,
          -0.115601584,
          0.9465401,
          0.30116138,
          0,
          0.33920082,
          0.32258627,
          -0.8836746,
          0,
          0.28601247,
          0.79647106,
          -1.0427009,
          1
        ]
      }
    ],
    "F66895E9-6873-4B78-B97E-F008B35C59D9" : [
      {
        "date" : 733027555.79689,
        "title" : "Untitled",
        "transform" : [
          1,
          0,
          0,
          0,
          0,
          0.8662008,
          -0.4996961,
          0,
          0,
          0.4996961,
          0.8662008,
          0,
          -0.010330661,
          5.428221,
          8.73823,
          1
        ]
      },
      {
        "date" : 733027553.025309,
        "title" : "Untitled",
        "transform" : [
          1,
          0,
          0,
          0,
          0,
          0.8662008,
          -0.4996961,
          0,
          0,
          0.4996961,
          0.8662008,
          0,
          -0.008676402,
          4.558995,
          7.3389683,
          1
        ]
      },
      {
        "date" : 733027550.958646,
        "title" : "Untitled",
        "transform" : [
          1,
          0,
          0,
          0,
          0,
          0.8662008,
          -0.4996961,
          0,
          0,
          0.4996961,
          0.8662008,
          0,
          -0.0057240254,
          3.0076754,
          4.8416886,
          1
        ]
      },
      {
        "date" : 732323427.153902,
        "title" : "Untitled",
        "transform" : [
          1,
          0,
          -0,
          0,
          -0,
          0.8662008,
          -0.4996961,
          0,
          0,
          0.4996961,
          0.8662008,
          0,
          -0.029769417,
          15.642268,
          25.180573,
          1
        ]
      }
    ],
    "F7F7D153-00C9-4EC6-920E-44D3E99C72F3" : [
      {
        "date" : 754208918.886538,
        "title" : "Untitled",
        "transform" : [
          0.09620006,
          8.995586e-08,
          0.995362,
          0,
          0.036276013,
          0.99933565,
          -0.0035061059,
          0,
          -0.99470073,
          0.03644505,
          0.096136145,
          0,
          -2.2541049,
          0.19042186,
          -0.039202392,
          1
        ]
      },
      {
        "date" : 754206933.458961,
        "title" : "Untitled",
        "transform" : [
          0.44441092,
          2.048067e-07,
          -0.8958231,
          0,
          -0.24091963,
          0.9631579,
          -0.119518146,
          0,
          0.8628191,
          0.26893654,
          0.42803794,
          0,
          2.5765684,
          0.13674171,
          1.4334309,
          1
        ]
      },
      {
        "date" : 754206816.08613,
        "title" : "Untitled",
        "transform" : [
          -0.99929065,
          -1.004787e-05,
          0.037659246,
          0,
          -0.00035133568,
          0.9999589,
          -0.009056456,
          0,
          -0.03765763,
          -0.009063246,
          -0.99924964,
          0,
          -0.0540447,
          0.0049577025,
          -1.0782185,
          1
        ]
      },
      {
        "date" : 754206805.541619,
        "title" : "Untitled",
        "transform" : [
          -0.120212376,
          -1.0040385e-05,
          0.99274826,
          0,
          0.3289611,
          0.94350255,
          0.039843604,
          0,
          -0.93666095,
          0.33136526,
          -0.11341738,
          0,
          -1.0077931,
          0.37158382,
          -0.108531095,
          1
        ]
      },
      {
        "date" : 754206803.315881,
        "title" : "Untitled",
        "transform" : [
          -0.120212376,
          -1.0040385e-05,
          0.99274826,
          0,
          0.3289611,
          0.94350255,
          0.039843604,
          0,
          -0.93666095,
          0.33136526,
          -0.11341738,
          0,
          -0.83953136,
          0.31205744,
          -0.08815681,
          1
        ]
      },
      {
        "date" : 754206802.225339,
        "title" : "Untitled",
        "transform" : [
          -0.120212376,
          -1.0040385e-05,
          0.99274826,
          0,
          0.3289611,
          0.94350255,
          0.039843604,
          0,
          -0.93666095,
          0.33136526,
          -0.11341738,
          0,
          -0.8327842,
          0.30967045,
          -0.087339796,
          1
        ]
      },
      {
        "date" : 754206798.865344,
        "title" : "Untitled",
        "transform" : [
          -0.120212376,
          -1.0040385e-05,
          0.99274826,
          0,
          0.3289611,
          0.94350255,
          0.039843604,
          0,
          -0.93666095,
          0.33136526,
          -0.11341738,
          0,
          -0.9335289,
          0.34652707,
          -0.1283378,
          1
        ]
      },
      {
        "date" : 754206794.715865,
        "title" : "Untitled",
        "transform" : [
          1,
          0,
          0,
          0,
          0,
          0.7071069,
          -0.70710677,
          0,
          0,
          0.70710677,
          0.7071069,
          0,
          -0.010325944,
          1.0205884,
          1.0205886,
          1
        ]
      },
      {
        "date" : 754206776.025038,
        "title" : "Untitled",
        "transform" : [
          1,
          0,
          0,
          0,
          0,
          0.7071069,
          -0.70710677,
          0,
          0,
          0.70710677,
          0.7071069,
          0,
          -0.00448917,
          0.44369742,
          0.4436975,
          1
        ]
      },
      {
        "date" : 754206720.508662,
        "title" : "Untitled",
        "transform" : [
          1,
          0,
          0,
          0,
          0,
          0.7071069,
          -0.70710677,
          0,
          0,
          0.70710677,
          0.7071069,
          0,
          -0.00864927,
          0.85487044,
          0.8548706,
          1
        ]
      }
    ],
    "FC972296-46CD-4531-A559-78862AEC169D" : [
      {
        "date" : 732221555.785551,
        "title" : "Untitled",
        "transform" : [
          0.99927205,
          4.1694124e-09,
          -0.03814901,
          0,
          -0.02215932,
          0.814002,
          -0.58043927,
          0,
          0.031053368,
          0.5808621,
          0.8134094,
          0,
          1.2227204,
          9.718333,
          5.3827925,
          1
        ]
      },
      {
        "date" : 732221501.964741,
        "title" : "Untitled",
        "transform" : [
          0.99927205,
          4.1694124e-09,
          -0.03814901,
          0,
          -0.02215932,
          0.814002,
          -0.58043927,
          0,
          0.031053368,
          0.5808621,
          0.8134094,
          0,
          0.19852021,
          10.471783,
          5.802496,
          1
        ]
      },
      {
        "date" : 732065634.83961,
        "title" : "Untitled",
        "transform" : [
          0.99927205,
          4.1694124e-09,
          -0.03814901,
          0,
          -0.02215932,
          0.814002,
          -0.58043927,
          0,
          0.031053368,
          0.5808621,
          0.8134094,
          0,
          0.4406307,
          9.084684,
          6.7837925,
          1
        ]
      },
      {
        "date" : 732065632.537685,
        "title" : "Untitled",
        "transform" : [
          0.99927205,
          2.3100248e-09,
          -0.03814901,
          0,
          -0.022159321,
          0.814002,
          -0.58043927,
          0,
          0.03105337,
          0.5808621,
          0.8134094,
          0,
          0.22868925,
          7.3375072,
          3.9365845,
          1
        ]
      },
      {
        "date" : 731673201.453853,
        "title" : "Untitled",
        "transform" : [
          0.9940544,
          2.553686e-09,
          -0.10888483,
          0,
          -0.053384833,
          0.87156093,
          -0.487372,
          0,
          0.09489977,
          0.49028718,
          0.866379,
          0,
          1.0232058,
          7.1691604,
          7.577874,
          1
        ]
      },
      {
        "date" : 731673199.7843,
        "title" : "Untitled",
        "transform" : [
          0.9940545,
          2.5536862e-09,
          -0.10888484,
          0,
          -0.053384833,
          0.87156093,
          -0.487372,
          0,
          0.09489977,
          0.49028718,
          0.866379,
          0,
          1.0415491,
          7.2634716,
          7.744822,
          1
        ]
      },
      {
        "date" : 731673162.471674,
        "title" : "Untitled",
        "transform" : [
          0.99900943,
          2.9631625e-10,
          -0.04449899,
          0,
          -0.010004623,
          0.9743985,
          -0.22460537,
          0,
          0.043359745,
          0.22482808,
          0.97343326,
          0,
          0.57648426,
          5.181693,
          3.980612,
          1
        ]
      },
      {
        "date" : 731673106.55776,
        "title" : "Untitled",
        "transform" : [
          0.99900943,
          4.6015058e-10,
          -0.04449899,
          0,
          -0.010004625,
          0.9743984,
          -0.22460537,
          0,
          0.04335974,
          0.2248281,
          0.97343314,
          0,
          -0.09835687,
          4.526648,
          5.639822,
          1
        ]
      },
      {
        "date" : 731673100.817265,
        "title" : "Untitled",
        "transform" : [
          0.999075,
          -8.9829666e-10,
          0.04300198,
          0,
          0.017504476,
          0.9134004,
          -0.4066855,
          0,
          -0.03927803,
          0.40706205,
          0.9125556,
          0,
          -0.5740628,
          5.49121,
          4.538303,
          1
        ]
      },
      {
        "date" : 731673092.599743,
        "title" : "Untitled",
        "transform" : [
          0.99907494,
          8.5185636e-11,
          0.043001983,
          0,
          0.017504478,
          0.9134005,
          -0.40668553,
          0,
          -0.03927803,
          0.40706205,
          0.9125556,
          0,
          -0.5740628,
          5.49121,
          4.538303,
          1
        ]
      }
    ],
    "FF195136-F79D-420C-AE0F-4983F8580A03" : [
      {
        "date" : 753562999.083432,
        "title" : "Untitled",
        "transform" : [
          0.5933322,
          3.1024456e-08,
          -0.80495775,
          0,
          -0.03235865,
          0.99919164,
          -0.023851484,
          0,
          0.8043071,
          0.040199168,
          0.5928526,
          0,
          0.9065137,
          0.2903927,
          0.6050607,
          1
        ]
      },
      {
        "date" : 753514804.927833,
        "title" : "Untitled",
        "transform" : [
          0.6782859,
          -2.2340774e-09,
          -0.73479813,
          0,
          -0.20347735,
          0.9608941,
          -0.1878282,
          0,
          0.7060632,
          0.27691597,
          0.65176094,
          0,
          0.760649,
          0.54122674,
          0.632993,
          1
        ]
      },
      {
        "date" : 753509713.879702,
        "title" : "Untitled",
        "transform" : [
          0.6782859,
          -2.2340774e-09,
          -0.73479813,
          0,
          -0.20347735,
          0.9608941,
          -0.1878282,
          0,
          0.7060632,
          0.27691597,
          0.65176094,
          0,
          0.71343374,
          0.67050934,
          0.62921333,
          1
        ]
      },
      {
        "date" : 753509524.801537,
        "title" : "Untitled",
        "transform" : [
          0.6782859,
          -2.2340774e-09,
          -0.73479813,
          0,
          -0.20347735,
          0.9608941,
          -0.1878282,
          0,
          0.7060632,
          0.27691597,
          0.65176094,
          0,
          0.690817,
          0.58057314,
          0.6919259,
          1
        ]
      },
      {
        "date" : 733027469.12624,
        "title" : "Untitled",
        "transform" : [
          0.6782859,
          -2.2340774e-09,
          -0.73479813,
          0,
          -0.20347735,
          0.9608941,
          -0.1878282,
          0,
          0.7060632,
          0.27691597,
          0.65176094,
          0,
          1.1236138,
          0.9443022,
          1.1254175,
          1
        ]
      },
      {
        "date" : 733027461.771761,
        "title" : "Untitled",
        "transform" : [
          0.6782859,
          -2.2340774e-09,
          -0.73479813,
          0,
          -0.20347735,
          0.9608941,
          -0.1878282,
          0,
          0.7060632,
          0.27691597,
          0.65176094,
          0,
          0.5086626,
          0.4274878,
          0.50947905,
          1
        ]
      },
      {
        "date" : 733027458.755403,
        "title" : "Untitled",
        "transform" : [
          0.6782859,
          -2.2340774e-09,
          -0.73479813,
          0,
          -0.20347735,
          0.9608941,
          -0.1878282,
          0,
          0.7060632,
          0.27691597,
          0.65176094,
          0,
          0.23599252,
          0.19833171,
          0.23637132,
          1
        ]
      },
      {
        "date" : 732261454.558082,
        "title" : "Untitled",
        "transform" : [
          0.98481786,
          -1.3562449e-09,
          -0.17359088,
          0,
          -0.10762273,
          0.7846183,
          -0.6105664,
          0,
          0.13620262,
          0.61997896,
          0.77270615,
          0,
          0.068875,
          0.7850847,
          0.5894444,
          1
        ]
      },
      {
        "date" : 732261001.374592,
        "title" : "Untitled",
        "transform" : [
          0.98481786,
          -1.3562449e-09,
          -0.17359088,
          0,
          -0.10762273,
          0.7846183,
          -0.6105664,
          0,
          0.13620262,
          0.61997896,
          0.77270615,
          0,
          -0.16999662,
          1.6585284,
          0.705177,
          1
        ]
      },
      {
        "date" : 732260839.722463,
        "title" : "Untitled",
        "transform" : [
          0.79509044,
          -2.3358595e-09,
          -0.6064908,
          0,
          -0.20618558,
          0.9404381,
          -0.2703028,
          0,
          0.5703671,
          0.3399648,
          0.74773335,
          0,
          0.47031656,
          1.3630399,
          1.0944473,
          1
        ]
      }
    ]
  },
  "selectedSceneRelativePath" : "Cinema\/Sources\/Cinema\/Cinema.rkassets\/Scene.usda"
}