{
  "advancedEditorSelectedIdentifier" : "StatisticsPluginID",
  "openSceneRelativePaths" : [
    "Immersive.usda",
    "VolumetericEmoji.usda",
    "seatEmitter.usda",
    "Untitled Scene.usda"
  ],
  "recentIdentifiers" : {
    "6792DD5D-BE2C-45E0-BABA-845B0FE2E137" : [

    ],
    "AF09ED6F-1707-48FD-8720-65B998362C09" : [

    ]
  },
  "sceneCameraHistory" : {
    "2D9B5A60-7CE1-4E1C-8913-BD933F0BB887" : [
      {
        "date" : 732259524.174153,
        "title" : "Untitled",
        "transform" : [
          0.99999994,
          0,
          -0,
          0,
          -0,
          0.8660254,
          -0.49999988,
          0,
          0,
          0.49999988,
          0.8660254,
          0,
          -0.029769659,
          6.516801,
          7.07378,
          1
        ]
      },
      {
        "date" : 732259502.211327,
        "title" : "Untitled",
        "transform" : [
          0.99999994,
          0,
          0,
          0,
          0,
          0.8660254,
          -0.49999988,
          0,
          0,
          0.49999988,
          0.8660254,
          0,
          -0.7337146,
          6.5936837,
          5.392311,
          1
        ]
      },
      {
        "date" : 732259497.678459,
        "title" : "Untitled",
        "transform" : [
          0.99999994,
          0,
          0,
          0,
          0,
          0.8660254,
          -0.49999988,
          0,
          0,
          0.49999988,
          0.8660254,
          0,
          0.57770467,
          1.6914127,
          3.8948734,
          1
        ]
      },
      {
        "date" : 732259491.927605,
        "title" : "Untitled",
        "transform" : [
          0.99999994,
          0,
          0,
          0,
          0,
          0.8660254,
          -0.49999988,
          0,
          0,
          0.49999988,
          0.8660254,
          0,
          -0.714396,
          1.8410363,
          3.8084881,
          1
        ]
      },
      {
        "date" : 732259457.990124,
        "title" : "Untitled",
        "transform" : [
          0.99999994,
          0,
          0,
          0,
          0,
          0.8660254,
          -0.49999988,
          0,
          0,
          0.49999988,
          0.8660254,
          0,
          0,
          2.1093826,
          3.6535583,
          1
        ]
      },
      {
        "date" : 732259426.13457,
        "title" : "Untitled",
        "transform" : [
          0.99999994,
          0,
          -0,
          0,
          -0,
          0.8660254,
          -0.49999988,
          0,
          0,
          0.49999988,
          0.8660254,
          0,
          0,
          0.19308047,
          0.3344252,
          1
        ]
      }
    ],
    "6792DD5D-BE2C-45E0-BABA-845B0FE2E137" : [
      {
        "date" : 732228653.980999,
        "title" : "Untitled",
        "transform" : [
          0.9960794,
          1.1525721e-08,
          0.088463426,
          0,
          0.049769428,
          0.8267301,
          -0.56039315,
          0,
          -0.073135376,
          0.5625988,
          0.8234888,
          0,
          -0.24159187,
          1.1633127,
          1.4278618,
          1
        ]
      },
      {
        "date" : 732228640.481524,
        "title" : "Untitled",
        "transform" : [
          0.9960794,
          1.1525721e-08,
          0.088463426,
          0,
          0.049769428,
          0.8267301,
          -0.56039315,
          0,
          -0.073135376,
          0.5625988,
          0.8234888,
          0,
          -0.1668163,
          0.8032535,
          0.9859215,
          1
        ]
      },
      {
        "date" : 732228638.401044,
        "title" : "Untitled",
        "transform" : [
          0.9960794,
          1.1525721e-08,
          0.088463426,
          0,
          0.049769428,
          0.8267301,
          -0.56039315,
          0,
          -0.073135376,
          0.5625988,
          0.8234888,
          0,
          -0.2481116,
          0.83123296,
          0.9595862,
          1
        ]
      },
      {
        "date" : 732222490.162204,
        "title" : "Untitled",
        "transform" : [
          0.9960794,
          1.1525721e-08,
          0.088463426,
          0,
          0.049769428,
          0.8267301,
          -0.56039315,
          0,
          -0.073135376,
          0.5625988,
          0.8234888,
          0,
          -0.27442372,
          0.8569233,
          0.93969786,
          1
        ]
      },
      {
        "date" : 732222487.70332,
        "title" : "Untitled",
        "transform" : [
          0.9960794,
          1.1525721e-08,
          0.088463426,
          0,
          0.049769428,
          0.8267301,
          -0.56039315,
          0,
          -0.073135376,
          0.5625988,
          0.8234888,
          0,
          -0.5169703,
          1.6143061,
          1.7702401,
          1
        ]
      },
      {
        "date" : 732222380.217648,
        "title" : "Untitled",
        "transform" : [
          0.9960794,
          1.1525721e-08,
          0.088463426,
          0,
          0.049769428,
          0.8267301,
          -0.56039315,
          0,
          -0.073135376,
          0.5625988,
          0.8234888,
          0,
          -0.08060922,
          0.25171265,
          0.27602684,
          1
        ]
      },
      {
        "date" : 732222286.701397,
        "title" : "Untitled",
        "transform" : [
          0.9960794,
          1.1525721e-08,
          0.088463426,
          0,
          0.04976942,
          0.82672995,
          -0.5603931,
          0,
          -0.073135376,
          0.5625988,
          0.8234888,
          0,
          -0.09428321,
          0.25654194,
          0.27151316,
          1
        ]
      },
      {
        "date" : 732222284.868117,
        "title" : "Untitled",
        "transform" : [
          0.34068725,
          1.2159925e-08,
          0.9401766,
          0,
          0.3371754,
          0.9334798,
          -0.122180626,
          0,
          -0.877636,
          0.35862985,
          0.31802472,
          0,
          -0.33413512,
          0.18598889,
          0.046736985,
          1
        ]
      },
      {
        "date" : 732222282.259237,
        "title" : "Untitled",
        "transform" : [
          0.3446867,
          1.2159925e-08,
          0.9387177,
          0,
          0.3366522,
          0.9334798,
          -0.12361494,
          0,
          -0.87627417,
          0.35862985,
          0.3217581,
          0,
          -0.65169406,
          0.3629704,
          0.09398575,
          1
        ]
      },
      {
        "date" : 732222279.490597,
        "title" : "Untitled",
        "transform" : [
          0.3446867,
          1.2159925e-08,
          0.9387177,
          0,
          0.3366522,
          0.9334798,
          -0.12361494,
          0,
          -0.87627417,
          0.35862985,
          0.3217581,
          0,
          -0.65169406,
          0.3629704,
          0.09398575,
          1
        ]
      }
    ],
    "AF09ED6F-1707-48FD-8720-65B998362C09" : [
      {
        "date" : 748593156.208348,
        "title" : "Untitled",
        "transform" : [
          -0.8558761,
          0.0014458423,
          -0.5171789,
          0,
          0.1539153,
          0.9553976,
          -0.25204256,
          0,
          0.49374703,
          -0.29531893,
          -0.81792456,
          0,
          8.878695,
          0.8043465,
          -3.432782,
          1
        ]
      },
      {
        "date" : 748593141.746995,
        "title" : "Untitled",
        "transform" : [
          -0.8677559,
          0.0014458463,
          -0.49698848,
          0,
          0.11470285,
          0.97358096,
          -0.19744211,
          0,
          0.48357302,
          -0.22833753,
          -0.8449966,
          0,
          8.76466,
          1.3336848,
          -3.5895655,
          1
        ]
      },
      {
        "date" : 748593127.573562,
        "title" : "Untitled",
        "transform" : [
          -0.9942141,
          0.001445846,
          -0.107407965,
          0,
          0.017851973,
          0.9882282,
          -0.15194276,
          0,
          0.105923876,
          -0.15298103,
          -0.98253614,
          0,
          -0.68854475,
          1.2504357,
          -12.034085,
          1
        ]
      },
      {
        "date" : 748471989.312748,
        "title" : "Untitled",
        "transform" : [
          -0.99421406,
          0.0014458467,
          -0.10740796,
          0,
          -0.082659796,
          0.62827015,
          0.7735917,
          0,
          0.0685997,
          0.77799404,
          -0.6245154,
          0,
          -1.426754,
          10.91366,
          -5.0708227,
          1
        ]
      },
      {
        "date" : 748471945.266125,
        "title" : "Untitled",
        "transform" : [
          -0.99421406,
          0.0014458467,
          -0.10740796,
          0,
          -0.082659796,
          0.62827015,
          0.7735917,
          0,
          0.0685997,
          0.77799404,
          -0.6245154,
          0,
          -1.426754,
          10.91366,
          -5.0708227,
          1
        ]
      },
      {
        "date" : 748471943.792651,
        "title" : "Untitled",
        "transform" : [
          -0.99421406,
          0.0014458467,
          -0.10740796,
          0,
          -0.082659796,
          0.62827015,
          0.7735917,
          0,
          0.0685997,
          0.77799404,
          -0.6245154,
          0,
          -1.426754,
          10.91366,
          -5.0708227,
          1
        ]
      },
      {
        "date" : 748471787.113754,
        "title" : "Untitled",
        "transform" : [
          -0.99421406,
          0.0014458467,
          -0.10740796,
          0,
          -0.082659796,
          0.62827015,
          0.7735917,
          0,
          0.0685997,
          0.77799404,
          -0.6245154,
          0,
          -1.426754,
          10.91366,
          -5.0708227,
          1
        ]
      },
      {
        "date" : 748471785.161205,
        "title" : "Untitled",
        "transform" : [
          -0.99421406,
          0.0014458434,
          -0.10740796,
          0,
          -0.082659796,
          0.62827015,
          0.7735917,
          0,
          0.0685997,
          0.77799404,
          -0.6245154,
          0,
          -9.763633,
          1.8318838,
          2.5533931,
          1
        ]
      },
      {
        "date" : 748471782.721939,
        "title" : "Untitled",
        "transform" : [
          -0.99421406,
          0.0014458434,
          -0.10740796,
          0,
          -0.082659796,
          0.62827015,
          0.7735917,
          0,
          0.0685997,
          0.77799404,
          -0.6245154,
          0,
          -9.763633,
          1.8318838,
          2.5533931,
          1
        ]
      },
      {
        "date" : 748471768.352572,
        "title" : "Untitled",
        "transform" : [
          -0.994214,
          0.0014458465,
          -0.107407965,
          0,
          -0.082659796,
          0.6282701,
          0.7735917,
          0,
          0.0685997,
          0.777994,
          -0.62451535,
          0,
          4.642062,
          1.8364478,
          2.5594108,
          1
        ]
      }
    ],
    "F39F9C7B-1E0A-4117-8752-46700B2647B5" : [
      {
        "date" : 733027562.501106,
        "title" : "Untitled",
        "transform" : [
          -0.933584,
          -1.978731e-09,
          -0.35835877,
          0,
          -0.115601584,
          0.9465401,
          0.30116138,
          0,
          0.33920082,
          0.32258627,
          -0.8836746,
          0,
          0.21005666,
          0.5849537,
          -0.7657927,
          1
        ]
      },
      {
        "date" : 733027434.398333,
        "title" : "Untitled",
        "transform" : [
          -0.933584,
          -1.978731e-09,
          -0.35835877,
          0,
          -0.115601584,
          0.9465401,
          0.30116138,
          0,
          0.33920082,
          0.32258627,
          -0.8836746,
          0,
          0.54902923,
          1.528905,
          -2.0015676,
          1
        ]
      },
      {
        "date" : 732261292.905955,
        "title" : "Untitled",
        "transform" : [
          -0.933584,
          -1.978731e-09,
          -0.35835877,
          0,
          -0.115601584,
          0.9465401,
          0.30116138,
          0,
          0.33920082,
          0.32258627,
          -0.8836746,
          0,
          0.54902923,
          1.528905,
          -2.0015676,
          1
        ]
      },
      {
        "date" : 732261171.04889,
        "title" : "Untitled",
        "transform" : [
          -0.933584,
          -1.978731e-09,
          -0.35835877,
          0,
          -0.115601584,
          0.9465401,
          0.30116138,
          0,
          0.33920082,
          0.32258627,
          -0.8836746,
          0,
          0.28601247,
          0.79647106,
          -1.0427009,
          1
        ]
      },
      {
        "date" : 732261073.393772,
        "title" : "Untitled",
        "transform" : [
          -0.933584,
          -1.978731e-09,
          -0.35835877,
          0,
          -0.115601584,
          0.9465401,
          0.30116138,
          0,
          0.33920082,
          0.32258627,
          -0.8836746,
          0,
          0.30222398,
          0.9576428,
          -0.9776422,
          1
        ]
      },
      {
        "date" : 732261060.002309,
        "title" : "Untitled",
        "transform" : [
          -0.933584,
          -1.978731e-09,
          -0.35835877,
          0,
          -0.115601584,
          0.9465401,
          0.30116138,
          0,
          0.33920082,
          0.32258627,
          -0.8836746,
          0,
          0.41158274,
          0.60582477,
          -0.50975037,
          1
        ]
      },
      {
        "date" : 732252682.041191,
        "title" : "Untitled",
        "transform" : [
          -0.933584,
          -1.978731e-09,
          -0.35835877,
          0,
          -0.115601584,
          0.9465401,
          0.30116138,
          0,
          0.33920082,
          0.32258627,
          -0.8836746,
          0,
          0.743952,
          0.9925579,
          -2.2772155,
          1
        ]
      },
      {
        "date" : 732228548.26503,
        "title" : "Untitled",
        "transform" : [
          -0.933584,
          -1.978731e-09,
          -0.35835877,
          0,
          -0.115601584,
          0.9465401,
          0.30116138,
          0,
          0.33920082,
          0.32258627,
          -0.8836746,
          0,
          0.75242597,
          1.3280174,
          -2.151503,
          1
        ]
      },
      {
        "date" : 732228522.564348,
        "title" : "Untitled",
        "transform" : [
          -0.933584,
          -1.978731e-09,
          -0.35835877,
          0,
          -0.115601584,
          0.9465401,
          0.30116138,
          0,
          0.33920082,
          0.32258627,
          -0.8836746,
          0,
          0.71463704,
          1.2613206,
          -2.0434487,
          1
        ]
      },
      {
        "date" : 732228496.056551,
        "title" : "Untitled",
        "transform" : [
          -0.93609256,
          -1.91629e-09,
          0.35175377,
          0,
          0.13706493,
          0.92095816,
          0.36475927,
          0,
          -0.32395056,
          0.38966155,
          -0.8621021,
          0,
          -0.788296,
          1.4133074,
          -1.9127128,
          1
        ]
      }
    ],
    "F66895E9-6873-4B78-B97E-F008B35C59D9" : [
      {
        "date" : 733027555.79689,
        "title" : "Untitled",
        "transform" : [
          1,
          0,
          0,
          0,
          0,
          0.8662008,
          -0.4996961,
          0,
          0,
          0.4996961,
          0.8662008,
          0,
          -0.010330661,
          5.428221,
          8.73823,
          1
        ]
      },
      {
        "date" : 733027553.025309,
        "title" : "Untitled",
        "transform" : [
          1,
          0,
          0,
          0,
          0,
          0.8662008,
          -0.4996961,
          0,
          0,
          0.4996961,
          0.8662008,
          0,
          -0.008676402,
          4.558995,
          7.3389683,
          1
        ]
      },
      {
        "date" : 733027550.958646,
        "title" : "Untitled",
        "transform" : [
          1,
          0,
          0,
          0,
          0,
          0.8662008,
          -0.4996961,
          0,
          0,
          0.4996961,
          0.8662008,
          0,
          -0.0057240254,
          3.0076754,
          4.8416886,
          1
        ]
      },
      {
        "date" : 732323427.153902,
        "title" : "Untitled",
        "transform" : [
          1,
          0,
          -0,
          0,
          -0,
          0.8662008,
          -0.4996961,
          0,
          0,
          0.4996961,
          0.8662008,
          0,
          -0.029769417,
          15.642268,
          25.180573,
          1
        ]
      }
    ],
    "FC972296-46CD-4531-A559-78862AEC169D" : [
      {
        "date" : 732221555.785551,
        "title" : "Untitled",
        "transform" : [
          0.99927205,
          4.1694124e-09,
          -0.03814901,
          0,
          -0.02215932,
          0.814002,
          -0.58043927,
          0,
          0.031053368,
          0.5808621,
          0.8134094,
          0,
          1.2227204,
          9.718333,
          5.3827925,
          1
        ]
      },
      {
        "date" : 732221501.964741,
        "title" : "Untitled",
        "transform" : [
          0.99927205,
          4.1694124e-09,
          -0.03814901,
          0,
          -0.02215932,
          0.814002,
          -0.58043927,
          0,
          0.031053368,
          0.5808621,
          0.8134094,
          0,
          0.19852021,
          10.471783,
          5.802496,
          1
        ]
      },
      {
        "date" : 732065634.83961,
        "title" : "Untitled",
        "transform" : [
          0.99927205,
          4.1694124e-09,
          -0.03814901,
          0,
          -0.02215932,
          0.814002,
          -0.58043927,
          0,
          0.031053368,
          0.5808621,
          0.8134094,
          0,
          0.4406307,
          9.084684,
          6.7837925,
          1
        ]
      },
      {
        "date" : 732065632.537685,
        "title" : "Untitled",
        "transform" : [
          0.99927205,
          2.3100248e-09,
          -0.03814901,
          0,
          -0.022159321,
          0.814002,
          -0.58043927,
          0,
          0.03105337,
          0.5808621,
          0.8134094,
          0,
          0.22868925,
          7.3375072,
          3.9365845,
          1
        ]
      },
      {
        "date" : 731673201.453853,
        "title" : "Untitled",
        "transform" : [
          0.9940544,
          2.553686e-09,
          -0.10888483,
          0,
          -0.053384833,
          0.87156093,
          -0.487372,
          0,
          0.09489977,
          0.49028718,
          0.866379,
          0,
          1.0232058,
          7.1691604,
          7.577874,
          1
        ]
      },
      {
        "date" : 731673199.7843,
        "title" : "Untitled",
        "transform" : [
          0.9940545,
          2.5536862e-09,
          -0.10888484,
          0,
          -0.053384833,
          0.87156093,
          -0.487372,
          0,
          0.09489977,
          0.49028718,
          0.866379,
          0,
          1.0415491,
          7.2634716,
          7.744822,
          1
        ]
      },
      {
        "date" : 731673162.471674,
        "title" : "Untitled",
        "transform" : [
          0.99900943,
          2.9631625e-10,
          -0.04449899,
          0,
          -0.010004623,
          0.9743985,
          -0.22460537,
          0,
          0.043359745,
          0.22482808,
          0.97343326,
          0,
          0.57648426,
          5.181693,
          3.980612,
          1
        ]
      },
      {
        "date" : 731673106.55776,
        "title" : "Untitled",
        "transform" : [
          0.99900943,
          4.6015058e-10,
          -0.04449899,
          0,
          -0.010004625,
          0.9743984,
          -0.22460537,
          0,
          0.04335974,
          0.2248281,
          0.97343314,
          0,
          -0.09835687,
          4.526648,
          5.639822,
          1
        ]
      },
      {
        "date" : 731673100.817265,
        "title" : "Untitled",
        "transform" : [
          0.999075,
          -8.9829666e-10,
          0.04300198,
          0,
          0.017504476,
          0.9134004,
          -0.4066855,
          0,
          -0.03927803,
          0.40706205,
          0.9125556,
          0,
          -0.5740628,
          5.49121,
          4.538303,
          1
        ]
      },
      {
        "date" : 731673092.599743,
        "title" : "Untitled",
        "transform" : [
          0.99907494,
          8.5185636e-11,
          0.043001983,
          0,
          0.017504478,
          0.9134005,
          -0.40668553,
          0,
          -0.03927803,
          0.40706205,
          0.9125556,
          0,
          -0.5740628,
          5.49121,
          4.538303,
          1
        ]
      }
    ],
    "FF195136-F79D-420C-AE0F-4983F8580A03" : [
      {
        "date" : 733027469.12624,
        "title" : "Untitled",
        "transform" : [
          0.6782859,
          -2.2340774e-09,
          -0.73479813,
          0,
          -0.20347735,
          0.9608941,
          -0.1878282,
          0,
          0.7060632,
          0.27691597,
          0.65176094,
          0,
          1.1236138,
          0.9443022,
          1.1254175,
          1
        ]
      },
      {
        "date" : 733027461.771761,
        "title" : "Untitled",
        "transform" : [
          0.6782859,
          -2.2340774e-09,
          -0.73479813,
          0,
          -0.20347735,
          0.9608941,
          -0.1878282,
          0,
          0.7060632,
          0.27691597,
          0.65176094,
          0,
          0.5086626,
          0.4274878,
          0.50947905,
          1
        ]
      },
      {
        "date" : 733027458.755403,
        "title" : "Untitled",
        "transform" : [
          0.6782859,
          -2.2340774e-09,
          -0.73479813,
          0,
          -0.20347735,
          0.9608941,
          -0.1878282,
          0,
          0.7060632,
          0.27691597,
          0.65176094,
          0,
          0.23599252,
          0.19833171,
          0.23637132,
          1
        ]
      },
      {
        "date" : 732261454.558082,
        "title" : "Untitled",
        "transform" : [
          0.98481786,
          -1.3562449e-09,
          -0.17359088,
          0,
          -0.10762273,
          0.7846183,
          -0.6105664,
          0,
          0.13620262,
          0.61997896,
          0.77270615,
          0,
          0.068875,
          0.7850847,
          0.5894444,
          1
        ]
      },
      {
        "date" : 732261001.374592,
        "title" : "Untitled",
        "transform" : [
          0.98481786,
          -1.3562449e-09,
          -0.17359088,
          0,
          -0.10762273,
          0.7846183,
          -0.6105664,
          0,
          0.13620262,
          0.61997896,
          0.77270615,
          0,
          -0.16999662,
          1.6585284,
          0.705177,
          1
        ]
      },
      {
        "date" : 732260839.722463,
        "title" : "Untitled",
        "transform" : [
          0.79509044,
          -2.3358595e-09,
          -0.6064908,
          0,
          -0.20618558,
          0.9404381,
          -0.2703028,
          0,
          0.5703671,
          0.3399648,
          0.74773335,
          0,
          0.47031656,
          1.3630399,
          1.0944473,
          1
        ]
      },
      {
        "date" : 732260837.947532,
        "title" : "Untitled",
        "transform" : [
          0.79509044,
          -2.3358595e-09,
          -0.6064908,
          0,
          -0.20618558,
          0.9404381,
          -0.2703028,
          0,
          0.5703671,
          0.3399648,
          0.74773335,
          0,
          0.44158652,
          1.2797763,
          1.0275912,
          1
        ]
      },
      {
        "date" : 732260765.555656,
        "title" : "Untitled",
        "transform" : [
          0.79509044,
          -2.3358595e-09,
          -0.6064908,
          0,
          -0.20618558,
          0.9404381,
          -0.2703028,
          0,
          0.5703671,
          0.3399648,
          0.74773335,
          0,
          0.4162162,
          0.57360667,
          0.7880874,
          1
        ]
      },
      {
        "date" : 732260538.53035,
        "title" : "Untitled",
        "transform" : [
          0.79509044,
          -2.3358595e-09,
          -0.6064908,
          0,
          -0.20618558,
          0.9404381,
          -0.2703028,
          0,
          0.5703671,
          0.3399648,
          0.74773335,
          0,
          0.40720558,
          0.66257656,
          0.75450957,
          1
        ]
      },
      {
        "date" : 732260258.038075,
        "title" : "Untitled",
        "transform" : [
          0.79509044,
          -2.3358595e-09,
          -0.6064908,
          0,
          -0.20618558,
          0.9404381,
          -0.2703028,
          0,
          0.5703671,
          0.3399648,
          0.74773335,
          0,
          0.39619124,
          0.67292154,
          0.75820774,
          1
        ]
      }
    ]
  },
  "selectedSceneRelativePath" : "Immersive.usda"
}